u=(10:2:26);
i=[0.065 0.081 0.099 0.117 0.137 0.156 0.177 0.200 0.220];
v1=[2.795 3.582 4.286 4.648 5.133 6.056 6.587 7.180 7.803];
r=103.84*10^(-3);
s=pi*r*r;
p0=u.*i;
