u=(10:2:26);
i =[0.065 0.081 0.099 0.117 0.137 0.156 0.177 0.200 0.220];
s=pi*r*r;
p0=u.*i
